.Random.seed <-
c(403L, 10L, 446860401L, 1169110691L, -1182745614L, 1232461636L, 
-1441968121L, 204115421L, 1093466836L, 4589050L, -1489000123L, 
627994015L, -1576759514L, -1842585680L, -1998144429L, -1857652879L, 
466734752L, -1401286082L, -1485276855L, 1263904763L, 1649961930L, 
-1200011988L, -1215858385L, 1808345061L, -2071873892L, -880680206L, 
-480705683L, 1021058215L, -1365657906L, 112036904L, -29249493L, 
100721225L, 1543195480L, -605649402L, -419950623L, 895335795L, 
-1929865758L, 1394268500L, 192874583L, -256936883L, -1332361244L, 
-1290594870L, 1518173237L, -589243761L, -1595862122L, 1262034752L, 
385036803L, 41371681L, -1742740720L, 459636974L, -1991073639L, 
-942406357L, 1998863386L, -929657124L, 922822367L, -252489547L, 
-941451700L, -1795327326L, 1760043517L, -949441801L, 71973918L, 
1465480920L, -2032620997L, -1482373159L, 969641320L, 89586838L, 
1487010321L, -149785661L, 897486802L, -597996956L, 755468711L, 
-460642563L, -932994316L, -1291049510L, -637601499L, -1059987393L, 
1460985798L, -229030832L, 815556723L, -329405295L, -705934144L, 
29359774L, 132633193L, -1104588133L, 438902698L, 1922083788L, 
1324344975L, -1479166267L, -1100382596L, -1397566766L, 594204237L, 
-1161725177L, -1233666322L, -211289144L, -1636660021L, -1153338071L, 
-1161292424L, 471632550L, 1036938433L, 476351827L, -638252542L, 
537629492L, -1498742601L, 1106290861L, 68015556L, -2082724374L, 
-1907017131L, -1995783185L, 366175222L, -1532308192L, -1525875997L, 
180542337L, -1914749456L, -197696370L, -474862599L, 912837003L, 
-2113112646L, 1394990268L, -2112933889L, -747516587L, -1724354964L, 
326838978L, -32756451L, 1331471255L, 880097022L, -1305877320L, 
-2040834405L, 1987835129L, -673937848L, -2096864906L, 1973831857L, 
-1157067549L, -729629774L, -819764220L, 248358727L, -876315107L, 
678106260L, -1725434822L, 1389514373L, -877875361L, -502468634L, 
-1169964432L, 2019042707L, -46616015L, -1180258080L, 646506878L, 
-1182233591L, 2027576379L, -1675566582L, 606530028L, -1111970193L, 
1756627365L, 1372330332L, -1721760462L, -169133011L, -424815897L, 
1565382670L, 666946024L, 174394347L, -2129513335L, -410701800L, 
1401319238L, 187051425L, 411067443L, -1557124702L, -240284524L, 
-1363105001L, -1227037427L, -2018520028L, -282557430L, 183245173L, 
617758927L, -1205439530L, 461925248L, -163782717L, 1819269473L, 
-290017328L, 114140974L, 2063973081L, -524248853L, 2031577434L, 
1411035932L, 877651487L, 60341877L, -1302226164L, 1702008546L, 
-1665827907L, 897162295L, 244731614L, 1134766616L, 2052552059L, 
-21779175L, 673739176L, -1389460138L, -620071471L, -1700655741L, 
1038111762L, -1131339868L, 961361767L, 1109157053L, -757115852L, 
-270362726L, -1638087707L, 1520123775L, 1043783430L, -1037035376L, 
2000990515L, 1171171025L, 1687893120L, -1897319074L, -1420457303L, 
588289371L, -61372566L, 390778380L, -59357617L, 1111624453L, 
-1503917124L, 146775698L, -1780777587L, -691950137L, -1133539666L, 
-138254584L, -56593141L, -430373911L, 933835960L, -44522650L, 
731432961L, 1769576083L, -1094702782L, -841722820L, 716479346L, 
776390256L, 537947172L, 1894343480L, 1725041818L, -1863095600L, 
1636692156L, 1597697684L, 27754114L, 85326016L, -2099795140L, 
1213725840L, -1435152862L, -107454456L, -866982644L, 855487644L, 
853839378L, -1598505088L, -1297029612L, 762724904L, 1292787002L, 
1951445456L, -2101601172L, 1902205236L, 541539986L, 1555895136L, 
578347852L, 599738336L, 132618146L, -1078810712L, -1596834420L, 
767201468L, 738824562L, 794062064L, 1141297220L, -1534154408L, 
-1920717254L, 1616579440L, -677394372L, -914557164L, -1584419390L, 
1803014880L, 1835614076L, -269263152L, 874909858L, 2016597032L, 
700028172L, 761393084L, -1831718606L, -1265012288L, -703796684L, 
-1818033208L, -804327238L, 1923271056L, -848074260L, -1326515628L, 
-132171630L, -355018976L, 1895887308L, 1467037152L, -1596021054L, 
-171303896L, 1978825388L, -714922820L, -1422216718L, -1933131472L, 
-1262912348L, -995971400L, -939725478L, 377986448L, -1736754308L, 
962703636L, -812313790L, -1609745664L, -1419352132L, -103127216L, 
-1567513822L, 1224955208L, 1724674572L, -590112676L, -531364654L, 
-1658232320L, 2120242516L, -1889091096L, -337187846L, 427626704L, 
-1099977428L, -1598094604L, -553098862L, 2106053728L, -1647735540L, 
1945842400L, -749825694L, 1683765928L, 932323916L, -1401030276L, 
2017590578L, 166547568L, 690990916L, 438674904L, 819559546L, 
-1910489552L, -697658692L, 1990960980L, -1453374398L, -925516384L, 
-1927402820L, 1787023824L, 1135445346L, 1077153768L, -1096007732L, 
1207367420L, 332028402L, 1878528128L, 1209838836L, 1023217288L, 
-574259398L, 1711364944L, 1277390444L, 1054689428L, 1472665938L, 
-1165486368L, -890643764L, 1824653472L, 1829243778L, 1368122088L, 
-526695700L, -763974596L, -1730233742L, 1147798640L, -1754431964L, 
-1875141576L, -733411302L, -667977008L, -2125439940L, -1736104812L, 
-150889342L, 1832230848L, -1210158788L, -33555824L, -331353054L, 
1742410760L, 410478732L, 1319527452L, 2027667090L, 2038842496L, 
553209876L, 421633320L, 477732410L, -1851372336L, -1505074068L, 
1910256308L, -1068064750L, -1419569184L, 314185676L, -1113453088L, 
-27228638L, 706429224L, 1963432204L, -135043524L, 189231346L, 
1023603440L, -580500668L, 1062920792L, -1154332102L, 1754824432L, 
-775064388L, -1342941676L, 1384495298L, 356092000L, 1802327420L, 
636900560L, 439360546L, 457589416L, 2072094604L, -796151364L, 
-1444424654L, -2144905408L, 794126516L, -981124280L, 861051578L, 
1374017296L, 1829585132L, 670487636L, 277733138L, -658941024L, 
141131724L, -295060640L, -379301694L, -57301464L, -87186004L, 
143318844L, -1473902734L, -674030800L, -275234268L, -168110024L, 
59106522L, 403696016L, -2050029828L, 789704596L, 2147150658L, 
-597335552L, -1220036036L, -1460142512L, 898267810L, -10822840L, 
-1698307572L, 1953803484L, 26106450L, 2112292992L, 851385172L, 
309836264L, 414468858L, 635402064L, 1866153004L, 1222915444L, 
-1504475502L, 1509046880L, -279395700L, 1449851744L, -399056158L, 
-1313980248L, -868876084L, -452802052L, 1843433394L, 700995056L, 
-1062824180L, -1471965475L, 1268723687L, -253008880L, 1637083438L, 
-35451429L, -148528451L, -283359190L, 1819947208L, -1405651471L, 
513241955L, 798688100L, 1612315282L, 1907824487L, -898889423L, 
940798582L, 281023380L, -1743906907L, -1859827537L, 327353704L, 
856851782L, -1471896333L, 330406485L, 297678386L, 1605800960L, 
-1138657047L, 800804699L, -1334736468L, 560937402L, -883497105L, 
-1423927047L, 478043534L, 969838684L, -254725427L, 615482935L, 
-1822393152L, -1518963810L, 1185259627L, 26861549L, 1291469402L, 
-1320155880L, 1322480257L, 294846515L, -1364916652L, -1683434910L, 
-1928850185L, 1384566593L, -1011454522L, 787660548L, 588413621L, 
-1382795873L, 259246584L, -688961578L, 681595491L, 1078954533L, 
207598018L, -410831184L, 36646617L, -1850623925L, -1443895620L, 
1724220650L, 1383026975L, -2026806871L, -1161902274L, -2095435220L, 
161374333L, -1483914553L, 1754463152L, -1703531058L, 547626747L, 
733373789L, 33566346L, 826698920L, 1031190545L, -1757771517L, 
264791044L, -254079950L, 140633223L, 1936371921L, -221617578L, 
-810464716L, 610627909L, -2034676849L, -378245368L, -2063476442L, 
460392915L, 1740596021L, 1914270354L, -235428256L, 706453449L, 
1054396155L, 1725698252L, 171706714L, 1410032719L, 1379723545L, 
-413134034L, -1684800196L, -983962963L, 1761207639L, -1882712928L, 
991699454L, -482669365L, -468710707L, 2133485050L, 733349432L, 
1125075937L, -678259565L, 1179651764L, 1718121410L, -1420261417L, 
1553319969L, 199213030L, 384752356L, -596480491L, 109753919L, 
-1156438568L, 1293700086L, 598197251L, 409855813L, -341871774L, 
797514960L, -203601927L, -164541653L, 1679753372L, 7741130L, 
-1540290625L, 717595401L, 24632350L, -2125961780L, 581889949L, 
885619239L, 818436176L, -2006433554L, 1467288987L, -957942787L, 
1960824554L, -1098966648L, 1183872817L, 1256892323L, 316075940L, 
-2126919086L, 516399527L, 2000475633L, -787013322L, 1018771924L, 
-109424795L, 1619459951L, -1293860440L, 1288132358L, -1993141709L, 
